[inf] initializing hardware..
[dbg] Devices created
[inf] done
[dbg] connecting to the server 192.168.7.2:11006..
[dbg] connected
[inf] ,0.100587,0.1,-0.638903,0
[inf] ,0.10253,0.1,-0.638903,0
[inf] ,0.103294,0.1,-0.637944,0.101267
[inf] ,0.105116,0.1,-0.637753,0.122305
[inf] ,0.105964,0.1,-0.637369,0.170832
[inf] ,0.107809,0.1,-0.636986,0.185663
[inf] ,0.108656,0.1,-0.635835,0.301022
[inf] ,0.110487,0.1,-0.63526,0.329493
[inf] ,0.111361,0.1,-0.633534,0.503542
[inf] ,0.113196,0.1,-0.632767,0.531522
[inf] ,0.114063,0.1,-0.630274,0.770158
[inf] ,0.115855,0.1,-0.629316,0.793131
[inf] ,0.116676,0.1,-0.626439,1.03551
[inf] ,0.118574,0.1,-0.625097,1.05987
[inf] ,0.119426,0.1,-0.621646,1.33391
[inf] ,0.121255,0.1,-0.61992,1.3554
[inf] ,0.122096,0.1,-0.616085,1.64777
[inf] ,0.123949,0.1,-0.613976,1.65669
[inf] ,0.124779,0.1,-0.609757,1.93603
[inf] ,0.126609,0.1,-0.607456,1.93676
[inf] ,0.127426,0.1,-0.602471,2.2583
[inf] ,0.129255,0.1,-0.599786,2.25564
[inf] ,0.130129,0.1,-0.594418,2.57989
[inf] ,0.131968,0.1,-0.59135,2.55953
[inf] ,0.132799,0.1,-0.585597,2.87582
[inf] ,0.134628,0.1,-0.582337,2.84444
[inf] ,0.135468,0.1,-0.57601,3.18206
[inf] ,0.137278,0.1,-0.572367,3.14729
[inf] ,0.13813,0.1,-0.56508,3.57939
[inf] ,0.140047,0.1,-0.561053,3.5042
[inf] ,0.140907,0.1,-0.553767,3.83044
[inf] ,0.142742,0.1,-0.549549,3.75952
[inf] ,0.14357,0.1,-0.541687,4.12609
[inf] ,0.145379,0.1,-0.537085,4.05897
[inf] ,0.146218,0.1,-0.528456,4.49337
[inf] ,0.14809,0.1,-0.523663,4.39299
[inf] ,0.148905,0.1,-0.515034,4.7479
[inf] ,0.150725,0.1,-0.509665,4.66409
[inf] ,0.151549,0.1,-0.500269,5.08755
[inf] ,0.153382,0.1,-0.494901,4.97604
[inf] ,0.154159,0.1,-0.48493,5.41207
[inf] ,0.156048,0.1,-0.478986,5.29203
[inf] ,0.156886,0.1,-0.468823,5.69421
[inf] ,0.158702,0.1,-0.462687,5.57068
[inf] ,0.159529,0.1,-0.451949,5.99908
[inf] ,0.161324,0.1,-0.445621,5.86092
[inf] ,0.162176,0.1,-0.433733,6.37935
[inf] ,0.164047,0.1,-0.427214,6.20505
[inf] ,0.164885,0.1,-0.415325,6.64048
[inf] ,0.166682,0.1,-0.406505,6.57671
[inf] ,0.167797,0.1,-0.39385,7.00611
[inf] ,0.169629,0.1,-0.386755,6.8014
[inf] ,0.170457,0.1,-0.373333,7.32405
[inf] ,0.172318,0.1,-0.365854,7.10983
[inf] ,0.173154,0.1,-0.352432,7.57194
[inf] ,0.175076,0.1,-0.344762,7.36698
[inf] ,0.175801,0.1,-0.330573,7.89626
[inf] ,0.17763,0.1,-0.322136,7.69947
[inf] ,0.178493,0.1,-0.307371,8.25824
[inf] ,0.180344,0.1,-0.298935,8.01444
[inf] ,0.181178,0.1,-0.283211,8.62518
[inf] ,0.183179,0.1,-0.274391,8.35339
[inf] ,0.183903,0.1,-0.258668,8.88331
[inf] ,0.185734,0.1,-0.249655,8.61009
[inf] ,0.186576,0.1,-0.233165,9.20033
[inf] ,0.188446,0.1,-0.223961,8.9122
[inf] ,0.189258,0.1,-0.206129,9.58175
[inf] ,0.191199,0.1,-0.197692,9.25219
[inf] ,0.191924,0.1,-0.179667,9.89207
[inf] ,0.19382,0.1,-0.169697,9.55467
[inf] ,0.19466,0.1,-0.151672,10.1437
[inf] ,0.196528,0.1,-0.141318,9.8176
[inf] ,0.197363,0.1,-0.121951,10.5637
[inf] ,0.199306,0.1,-0.112556,10.1609
[inf] ,0.200024,0.1,-0.0941481,10.6837
[inf] ,0.201821,0.1,-0.0834102,10.3626
[inf] ,0.202664,0.1,-0.0636602,11.0715
[inf] ,0.204511,0.1,-0.0525388,10.7233
[inf] ,0.205346,0.1,-0.0314466,11.5465
[inf] ,0.207284,0.1,-0.0214757,11.0877
[inf] ,0.208013,0.1,-0.00134223,11.6444
[inf] ,0.209821,0.1,0.0103544,11.2826
[inf] ,0.210643,0.1,0.0314466,11.9987
[inf] ,0.212508,0.1,0.0431432,11.5992
[inf] ,0.213322,0.1,0.0665364,12.4577
[inf] ,0.215309,0.1,0.0770825,12.0104
[inf] ,0.21601,0.1,0.0991335,12.6148
[inf] ,0.217843,0.1,0.111597,12.185
[inf] ,0.218686,0.1,0.134415,12.9225
[inf] ,0.220532,0.1,0.147646,12.5072
[inf] ,0.221385,0.1,0.172189,13.4412
[inf] ,0.22335,0.1,0.183694,12.8872
[inf] ,0.224051,0.1,0.206896,13.4853
[inf] ,0.225862,0.1,0.22051,13.0633
[inf] ,0.226705,0.1,0.244862,13.8752
[inf] ,0.228572,0.1,0.258668,13.4159
[inf] ,0.229407,0.1,0.284553,14.3609
[inf] ,0.23135,0.1,0.297017,13.7827
[inf] ,0.23205,0.1,0.321752,14.4312
[inf] ,0.233843,0.1,0.336134,13.971
[inf] ,0.234704,0.1,0.362211,14.8409
[inf] ,0.236549,0.1,0.376592,14.3246
[inf] ,0.237385,0.1,0.404204,15.309
[inf] ,0.239325,0.1,0.417243,14.684
[inf] ,0.240033,0.1,0.443704,15.3812
[inf] ,0.241844,0.1,0.45866,14.863
[inf] ,0.242703,0.1,0.486272,15.7524
[inf] ,0.244551,0.1,0.501803,15.2118
[inf] ,0.245387,0.1,0.530949,16.2374
[inf] ,0.247305,0.1,0.54533,15.5894
[inf] ,0.248052,0.1,0.573709,16.3849
[inf] ,0.249884,0.1,0.589816,15.8081
[inf] ,0.25074,0.1,0.608223,15.6374
[inf] ,0.251824,0.1,0.636794,16.7058
[inf] ,0.253634,0.1,0.653284,16.2227
[inf] ,0.254474,0.1,0.683197,17.2471
[inf] ,0.256328,0.1,0.699879,16.6399
[inf] ,0.25718,0.1,0.729408,17.4331
[inf] ,0.259052,0.1,0.746473,16.8598
[inf] ,0.259767,0.1,0.776578,17.7167
[inf] ,0.261613,0.1,0.793835,17.1399
[inf] ,0.262457,0.1,0.825282,18.1346
[inf] ,0.2643,0.1,0.842922,17.4988
[inf] ,0.265157,0.1,0.874177,18.3452
[inf] ,0.267078,0.1,0.89201,17.7355
[inf] ,0.267801,0.1,0.923648,18.6324
[inf] ,0.269612,0.1,0.942056,18.0264
[inf] ,0.270477,0.1,0.975228,19.0754
[inf] ,0.272305,0.1,0.993636,18.3926
[inf] ,0.27316,0.1,1.02777,19.451
[inf] ,0.275142,0.1,1.04752,18.7509
[inf] ,0.275928,0.1,1.08069,19.5816
[inf] ,0.277736,0.1,1.09986,18.9048
[inf] ,0.27858,0.1,1.13457,19.9662
[inf] ,0.280426,0.1,1.15394,19.2513
[inf] ,0.281258,0.1,1.19056,20.4142
[inf] ,0.283186,0.1,1.20782,19.6186
[inf] ,0.283899,0.1,1.24272,20.4818
[inf] ,0.285722,0.1,1.26342,19.7965
[inf] ,0.286621,0.1,1.29947,20.8624
[inf] ,0.288471,0.1,1.3198,20.1177
[inf] ,0.289304,0.1,1.35796,21.4031
[inf] ,0.291244,0.1,1.37617,20.5129
[inf] ,0.291945,0.1,1.41241,21.3872
[inf] ,0.293734,0.1,1.43331,20.6493
[inf] ,0.294579,0.1,1.47128,21.8084
[inf] ,0.296467,0.1,1.49218,21.0131
[inf] ,0.297305,0.1,1.53226,22.3655
[inf] ,0.299243,0.1,1.55124,21.4215
[inf] ,0.299941,0.1,1.59074,22.5375
[inf] ,0.301862,0.1,1.6126,21.6588
[inf] ,0.3027,0.1,1.65229,22.7601
[inf] ,0.304572,0.1,1.67434,21.9084
[inf] ,0.305406,0.1,1.71576,23.2472
[inf] ,0.307326,0.1,1.73512,22.2624
[inf] ,0.308052,0.1,1.77462,23.2106
[inf] ,0.309863,0.1,1.79706,22.4009
[inf] ,0.310683,0.0934566,1.8379,23.6233
[inf] ,0.312549,0.0881172,1.86072,22.7737
[inf] ,0.313385,0.0774287,1.90405,24.2392
[inf] ,0.315327,0.0726893,1.92419,23.203
[inf] ,0.316033,0.0626184,1.96484,24.1224
[inf] ,0.317841,0.0569203,1.98842,23.2844
[inf] ,0.318682,0.0464964,2.03042,24.5008
[inf] ,0.320507,0.0407219,2.054,23.6077
[inf] ,0.321365,0.0293517,2.09964,25.2461
[inf] ,0.323347,0.0243145,2.11996,24.0856
[inf] ,0.324049,0.0175079,2.14719,23.6126
[inf] ,0.325154,0.0106855,2.17442,23.4341
[inf] ,0.326262,0.00393929,2.20126,23.4126
[inf] ,0.327325,-0.00272817,2.22772,23.4885
[inf] ,0.328425,-0.0101835,2.25725,23.8351
[inf] ,0.329592,-0.016514,2.28218,23.7848
[inf] ,0.330556,-0.0241861,2.31248,24.1883
[inf] ,0.331846,-0.0313392,2.34047,24.2862
[inf] ,0.332986,-0.0383528,2.36789,24.3253
[inf] ,0.334135,-0.0456762,2.39646,24.4565
[inf] ,0.335258,-0.0516736,2.41966,24.2066
[inf] ,0.336108,-0.0582118,2.44517,24.2013
[inf] ,0.337114,-0.0658012,2.47469,24.5404
[inf] ,0.338435,-0.0730966,2.50269,24.6006
[inf] ,0.339591,-0.0802817,2.5303,24.6024
[inf] ,0.340713,-0.087287,2.55715,24.5305
[inf] ,0.341798,-0.093247,2.57977,24.2341
[inf] ,0.342639,-0.1,2.6093,24.5029
[inf] ,0.343968,-0.1,2.63615,24.4224
[inf] ,0.345093,-0.1,2.66261,24.3287
[inf] ,0.346195,-0.1,2.69003,24.3027
[inf] ,0.347339,-0.1,2.71246,23.9526
[inf] ,0.348198,-0.1,2.73701,23.83
[inf] ,0.349238,-0.1,2.76519,23.9967
[inf] ,0.3506,-0.1,2.79165,23.9227
[inf] ,0.351719,-0.1,2.81754,23.792
[inf] ,0.35284,-0.1,2.84285,23.6359
[inf] ,0.353945,-0.1,2.86433,23.2878
[inf] ,0.354785,-0.1,2.89175,23.4208
[inf] ,0.35607,-0.1,2.91725,23.3101
[inf] ,0.357192,-0.1,2.94275,23.1856
[inf] ,0.358321,-0.1,2.96403,22.8233
[inf] ,0.359242,-0.1,2.98743,22.672
[inf] ,0.360284,-0.1,3.01408,22.7812
[inf] ,0.361594,-0.1,3.03843,22.6414
[inf] ,0.362722,-0.1,3.06259,22.4962
[inf] ,0.363827,-0.1,3.08368,22.1842
[inf] ,0.3647,-0.1,3.10995,22.2908
[inf] ,0.366032,-0.1,3.13507,22.215
[inf] ,0.367201,-0.1,3.15923,22.0319
[inf] ,0.368321,-0.1,3.18263,21.8303
[inf] ,0.369426,-0.1,3.2064,21.6866
[inf] ,0.370556,-0.1,3.22635,21.3406
[inf] ,0.371429,-0.1,3.25146,21.4193
[inf] ,0.372738,-0.1,3.27447,21.2641
[inf] ,0.373862,-0.1,3.29422,20.9365
[inf] ,0.374727,-0.1,3.31915,21.0445
[inf] ,0.376068,-0.1,3.33852,20.7079
[inf] ,0.376908,-0.1,3.36268,20.7613
[inf] ,0.378191,-0.1,3.38415,20.5659
[inf] ,0.379211,-0.1,3.40294,20.2602
[inf] ,0.380157,-0.1,3.42691,20.3784
[inf] ,0.381491,-0.1,3.44858,20.222
[inf] ,0.382639,-0.1,3.47006,20.0708
[inf] ,0.383704,-0.1,3.49153,19.9261
[inf] ,0.384821,-0.1,3.50936,19.598
[inf] ,0.385652,-0.1,3.53487,19.906
[inf] ,0.387102,-0.1,3.55155,19.443
[inf] ,0.3879,-0.1,3.57437,19.467
[inf] ,0.389201,-0.1,3.59508,19.2915
[inf] ,0.390348,-0.1,3.61636,19.1666
[inf] ,0.391487,-0.1,3.63362,18.8214
[inf] ,0.392338,-0.1,3.65241,18.6582
[inf] ,0.393338,-0.1,3.67408,18.7308
[inf] ,0.394668,-0.1,3.69402,18.5923
[inf] ,0.395801,-0.1,3.71434,18.4874
[inf] ,0.396925,-0.1,3.73371,18.3172
[inf] ,0.398071,-0.1,3.75384,18.2149
[inf] ,0.3992,-0.1,3.77014,17.8871
[inf] ,0.400039,-0.1,3.79104,17.9377
[inf] ,0.40134,-0.1,3.81002,17.7823
[inf] ,0.402472,-0.1,3.8292,17.6637
[inf] ,0.403592,-0.1,3.84492,17.3517
[inf] ,0.404444,-0.1,3.86506,17.3897
[inf] ,0.405715,-0.1,3.88346,17.2436
[inf] ,0.406914,-0.1,3.899,16.9613
[inf] ,0.407695,-0.1,3.91932,17.0684
[inf] ,0.409035,-0.1,3.93735,16.8876
[inf] ,0.410177,-0.1,3.95575,16.7657
[inf] ,0.411322,-0.1,3.97071,16.4482
[inf] ,0.412175,-0.1,3.98988,16.4779
[inf] ,0.413472,-0.1,4.00733,16.3255
[inf] ,0.414617,-0.1,4.02248,16.0567
[inf] ,0.415484,-0.1,4.04089,16.0649
[inf] ,0.416785,-0.1,4.05776,15.9082
[inf] ,0.417904,-0.1,4.0756,15.831
[inf] ,0.419102,-0.1,4.08883,15.4916
[inf] ,0.419906,-0.1,4.10685,15.5176
[inf] ,0.421197,-0.1,4.12334,15.3795
[inf] ,0.422327,-0.1,4.13983,15.2479
[inf] ,0.423469,-0.1,4.15613,15.1082
[inf] ,0.424593,-0.1,4.17243,14.9787
[inf] ,0.425739,-0.1,4.18815,14.8178
[inf] ,0.426932,-0.1,4.20138,14.5396
[inf] ,0.427721,-0.1,4.21595,14.4075
[inf] ,0.428764,-0.1,4.23244,14.4275
[inf] ,0.430075,-0.1,4.24798,14.3144
[inf] ,0.431203,-0.1,4.26312,14.1789
[inf] ,0.432324,-0.1,4.27827,14.0523
[inf] ,0.433447,-0.1,4.29035,13.771
[inf] ,0.434291,-0.1,4.30397,13.6304
[inf] ,0.435327,-0.1,4.31988,13.6706
[inf] ,0.436658,-0.1,4.33407,13.5241
[inf] ,0.437759,-0.1,4.34807,13.3705
[inf] ,0.438952,-0.1,4.35977,13.1164
[inf] ,0.439714,-0.1,4.37491,13.1272
[inf] ,0.441017,-0.1,4.38872,12.9991
[inf] ,0.442156,-0.1,4.40252,12.8683
[inf] ,0.443303,-0.1,4.41595,12.715
[inf] ,0.444425,-0.1,4.42937,12.5675
[inf] ,0.445551,-0.1,4.44049,12.3224
[inf] ,0.446407,-0.1,4.45468,12.3167
[inf] ,0.447722,-0.1,4.46772,12.1769
[inf] ,0.448863,-0.1,4.48037,12.026
[inf] ,0.449988,-0.1,4.4936,11.9248
[inf] ,0.451177,-0.1,4.50396,11.6522
[inf] ,0.452027,-0.1,4.51527,11.4926
[inf] ,0.453032,-0.1,4.52889,11.5216
[inf] ,0.454411,-0.1,4.54077,11.364
[inf] ,0.455531,-0.1,4.55247,11.2087
[inf] ,0.456654,-0.1,4.56417,11.0717
[inf] ,0.457779,-0.1,4.57376,10.8336
[inf] ,0.458616,-0.1,4.58622,10.8226
[inf] ,0.459933,-0.1,4.59734,10.6774
[inf] ,0.461071,-0.1,4.60827,10.5343
[inf] ,0.462176,-0.1,4.61747,10.3125
[inf] ,0.463025,-0.1,4.62917,10.2826
[inf] ,0.464325,-0.1,4.63952,10.1345
[inf] ,0.46547,-0.1,4.65007,10.004
[inf] ,0.466597,-0.1,4.65889,9.79179
[inf] ,0.467463,-0.1,4.67001,9.75776
[inf] ,0.468742,-0.1,4.67979,9.61131
[inf] ,0.469884,-0.1,4.69015,9.50259
[inf] ,0.471054,-0.1,4.69762,9.25677
[inf] ,0.471838,-0.1,4.70798,9.21629
[inf] ,0.473117,-0.1,4.71737,9.08474
[inf] ,0.474282,-0.1,4.72677,8.96022
[inf] ,0.475403,-0.1,4.73578,8.80863
[inf] ,0.47653,-0.1,4.74518,8.69489
[inf] ,0.477716,-0.1,4.75246,8.47093
[inf] ,0.478559,-0.1,4.76052,8.3261
[inf] ,0.479613,-0.1,4.76972,8.27699
[inf] ,0.480905,-0.1,4.77816,8.14913
[inf] ,0.482072,-0.1,4.7866,8.02027
[inf] ,0.483197,-0.1,4.79465,7.87113
[inf] ,0.484322,-0.1,4.80117,7.67106
[inf] ,0.485149,-0.1,4.80941,7.59425
[inf] ,0.486454,-0.1,4.81708,7.45641
[inf] ,0.487612,-0.1,4.82456,7.32047
[inf] ,0.488722,-0.1,4.8307,7.13968
[inf] ,0.489571,-0.1,4.83837,7.07268
[inf] ,0.490951,-0.1,4.84412,6.88466
[inf] ,0.491717,-0.1,4.8516,6.81521
[inf] ,0.493049,-0.1,4.8585,6.68765
[inf] ,0.494175,-0.1,4.86502,6.54513
[inf] ,0.49532,-0.1,4.87154,6.40972
[inf] ,0.496441,-0.1,4.87768,6.26231
[inf] ,0.497567,-0.1,4.88381,6.12338
[inf] ,0.4987,-0.1,4.8888,5.94544
[inf] ,0.499567,-0.1,4.89493,5.8536
[inf] ,0.500836,-0.1,4.90069,5.73365
[inf] ,0.501944,-0.1,4.90529,5.56829
[inf] ,0.502808,-0.1,4.91008,5.43073
[inf] ,0.503797,-0.1,4.91507,5.31472
[inf] ,0.504843,-0.1,4.92044,5.23314
[inf] ,0.506134,-0.1,4.92542,5.10814
[inf] ,0.507257,-0.1,4.93002,4.96678
[inf] ,0.508363,-0.1,4.93462,4.82849
[inf] ,0.509484,-0.1,4.93923,4.69946
[inf] ,0.510639,-0.1,4.94344,4.55305
[inf] ,0.511755,-0.1,4.94709,4.39553
[inf] ,0.512614,-0.1,4.9515,4.29378
[inf] ,0.513925,-0.1,4.95552,4.16306
[inf] ,0.515114,-0.1,4.9584,4.00082
[inf] ,0.515877,-0.1,4.96224,3.88838
[inf] ,0.517199,-0.1,4.96588,3.7615
[inf] ,0.518366,-0.1,4.96895,3.61133
[inf] ,0.519485,-0.1,4.97221,3.47568
[inf] ,0.520611,-0.1,4.97527,3.34403
[inf] ,0.521735,-0.1,4.97758,3.19692
[inf] ,0.522592,-0.1,4.98045,3.07643
[inf] ,0.523887,-0.1,4.98256,2.93547
[inf] ,0.52474,-0.1,4.98525,2.82293
[inf] ,0.52611,-0.1,4.98755,2.68996
[inf] ,0.527239,-0.1,4.98966,2.55312
[inf] ,0.528361,-0.1,4.99119,2.40947
[inf] ,0.529219,-0.1,4.9933,2.27783
[inf] ,0.530679,-0.1,4.99464,2.13813
[inf] ,0.531488,-0.1,4.99637,2.01279
[inf] ,0.532799,-0.1,4.99771,1.87914
[inf] ,0.533922,-0.1,4.99886,1.73476
[inf] ,0.535114,-0.1,4.99963,1.6102
[inf] ,0.5359,-0.1,5.00059,1.47355
[inf] ,0.537179,-0.1,5.00135,1.33946
[inf] ,0.538331,-0.1,5.00193,1.20349
[inf] ,0.539466,-0.1,5.00231,1.06419
[inf] ,0.540591,-0.1,5.0025,0.920732
[inf] ,0.541717,-0.1,5.00269,0.807363
[inf] ,0.542571,-0.1,5.00269,0.686443
[inf] ,0.543593,-0.1,5.0025,0.542664
[inf] ,0.544904,-0.1,5.00231,0.413427
[inf] ,0.546097,-0.1,5.00174,0.270047
[inf] ,0.547236,-0.1,5.00116,0.159708
[inf] ,0.548066,-0.1,5.00039,0.00963443
[inf] ,0.54937,-0.1,4.99963,-0.115463
[inf] ,0.550514,-0.1,4.99848,-0.249887
[inf] ,0.551631,-0.1,4.99733,-0.382903
[inf] ,0.552756,-0.1,4.99618,-0.483041
[inf] ,0.553609,-0.1,4.99464,-0.636249
[inf] ,0.554977,-0.1,4.9933,-0.729747
[inf] ,0.555755,-0.1,4.99138,-0.889941
[inf] ,0.557054,-0.1,4.98946,-1.02277
[inf] ,0.558175,-0.1,4.98736,-1.16633
[inf] ,0.559342,-0.1,4.98563,-1.24668
[inf] ,0.560174,-0.1,4.98294,-1.43286
[inf] ,0.561595,-0.1,4.98045,-1.54691
[inf] ,0.5627,-0.1,4.97777,-1.67914
[inf] ,0.563818,-0.1,4.97547,-1.75926
[inf] ,0.564671,-0.1,4.9724,-1.92174
[inf] ,0.56597,-0.1,4.96914,-2.0747
[inf] ,0.567176,-0.1,4.96588,-2.19512
[inf] ,0.568294,-0.1,4.96262,-2.3178
[inf] ,0.5694,-0.1,4.95955,-2.4006
[inf] ,0.570263,-0.1,4.95552,-2.58719
[inf] ,0.571613,-0.1,4.95188,-2.70381
[inf] ,0.572735,-0.1,4.94786,-2.83377
[inf] ,0.573859,-0.1,4.9444,-2.90408
[inf] ,0.574698,-0.1,4.9398,-3.09273
[inf] ,0.576026,-0.1,4.93539,-3.2295
[inf] ,0.577156,-0.1,4.93175,-3.28906
[inf] ,0.57807,-0.1,4.92638,-3.50063
[inf] ,0.579406,-0.1,4.92178,-3.60616
[inf] ,0.580528,-0.1,4.91679,-3.73381
[inf] ,0.58165,-0.1,4.91181,-3.85039
[inf] ,0.582776,-0.1,4.9074,-3.91032
[inf] ,0.58357,-0.1,4.90107,-4.16945
[inf] ,0.585029,-0.1,4.89532,-4.28791
[inf] ,0.586145,-0.1,4.89052,-4.336
[inf] ,0.586983,-0.1,4.88439,-4.51224
[inf] ,0.588287,-0.1,4.87844,-4.63125
[inf] ,0.589388,-0.1,4.87231,-4.7644
[inf] ,0.590528,-0.1,4.86598,-4.89677
[inf] ,0.591719,-0.1,4.86061,-4.94806
[inf] ,0.592608,-0.1,4.85371,-5.14678
[inf] ,0.59385,-0.1,4.84661,-5.30548
[inf] ,0.595019,-0.1,4.84144,-5.33318
[inf] ,0.595768,-0.1,4.83377,-5.54443
[inf] ,0.597156,-0.1,4.82686,-5.65484
[inf] ,0.598209,-0.1,4.81938,-5.80204
[inf] ,0.599406,-0.1,4.8121,-5.91223
[inf] ,0.600551,-0.1,4.80443,-6.04908
[inf] ,0.601652,-0.1,4.7981,-6.07599
[inf] ,0.602513,-0.1,4.78966,-6.29504
[inf] ,0.60382,-0.1,4.78161,-6.42791
[inf] ,0.604947,-0.1,4.77356,-6.55479
[inf] ,0.606111,-0.1,4.76512,-6.69131
[inf] ,0.607218,-0.1,4.75802,-6.72014
[inf] ,0.608073,-0.1,4.74901,-6.92894
[inf] ,0.609362,-0.1,4.74019,-7.07058
[inf] ,0.61051,-0.1,4.73156,-7.18403
[inf] ,0.611631,-0.1,4.72389,-7.2142
[inf] ,0.612425,-0.1,4.71411,-7.45624
[inf] ,0.613743,-0.1,4.70472,-7.59226
[inf] ,0.614988,-0.1,4.69628,-7.64526
[inf] ,0.615843,-0.1,4.68612,-7.84725
[inf] ,0.617115,-0.1,4.67634,-7.9762
[inf] ,0.618212,-0.1,4.66637,-8.10904
[inf] ,0.619383,-0.1,4.65621,-8.24467
[inf] ,0.620549,-0.1,4.64796,-8.23283
[inf] ,0.621353,-0.1,4.63684,-8.47285
[inf] ,0.622641,-0.1,4.62649,-8.59732
[inf] ,0.623781,-0.1,4.61594,-8.73194
[inf] ,0.624902,-0.1,4.60693,-8.73702
[inf] ,0.625762,-0.1,4.59446,-9.07726
[inf] ,0.627163,-0.1,4.58564,-9.015
[inf] ,0.62797,-0.1,4.57529,-9.11925
[inf] ,0.629023,-0.1,4.56494,-9.224
[inf] ,0.630117,-0.1,4.55401,-9.3731
[inf] ,0.631132,-0.1,4.54346,-9.4812
[inf] ,0.632179,-0.1,4.5308,-9.75514
[inf] ,0.633488,-0.1,4.52083,-9.76076
[inf] ,0.63434,-0.1,4.5076,-10.0488
[inf] ,0.635661,-0.1,4.49571,-10.1441
[inf] ,0.6368,-0.1,4.48555,-10.1166
[inf] ,0.637631,-0.1,4.47117,-10.4512
[inf] ,0.63902,-0.1,4.46158,-10.4009
[inf] ,0.639819,-0.1,4.44797,-10.634
[inf] ,0.641099,-0.1,4.43531,-10.7394
[inf] ,0.642205,-0.1,4.42189,-10.8995
[inf] ,0.643407,-0.1,4.41096,-10.8596
[inf] ,0.644235,-0.1,4.39677,-11.1119
[inf] ,0.645534,-0.1,4.38354,-11.2255
[inf] ,0.646682,-0.1,4.36974,-11.3767
[inf] ,0.647822,-0.1,4.35804,-11.3605
[inf] ,0.648681,-0.1,4.34289,-11.6556
[inf] ,0.650033,-0.1,4.32813,-11.836
[inf] ,0.651201,-0.1,4.31624,-11.7771
[inf] ,0.652055,-0.1,4.3009,-12.0286
[inf] ,0.653367,-0.1,4.28671,-12.1324
[inf] ,0.654493,-0.1,4.27194,-12.2736
[inf] ,0.655633,-0.1,4.25929,-12.2486
[inf] ,0.656487,-0.1,4.24337,-12.5198
[inf] ,0.657785,-0.1,4.22861,-12.6309
[inf] ,0.658994,-0.1,4.21595,-12.5918
[inf] ,0.659754,-0.1,4.19946,-12.8961
[inf] ,0.661076,-0.1,4.18393,-13.0428
[inf] ,0.66222,-0.1,4.1707,-13.0079
[inf] ,0.66311,-0.1,4.15383,-13.2953
[inf] ,0.664389,-0.1,4.1381,-13.4028
[inf] ,0.665531,-0.1,4.122,-13.5482
[inf] ,0.666663,-0.1,4.10858,-13.4886
[inf] ,0.667507,-0.1,4.09094,-13.8004
[inf] ,0.668806,-0.1,4.07483,-13.9007
[inf] ,0.669926,-0.1,4.06102,-13.8505
[inf] ,0.670785,-0.1,4.043,-14.171
[inf] ,0.672073,-0.1,4.02632,-14.2935
[inf] ,0.673202,-0.1,4.00925,-14.4361
[inf] ,0.674371,-0.1,3.9941,-14.4151
[inf] ,0.675219,-0.1,3.9755,-14.7066
[inf] ,0.676531,-0.1,3.95863,-14.7882
[inf] ,0.677632,-0.1,3.94406,-14.7209
[inf] ,0.678473,-0.1,3.92737,-14.8555
[inf] ,0.679533,-0.1,3.90801,-15.206
[inf] ,0.680862,-0.1,3.88998,-15.3447
[inf] ,0.681985,-0.1,3.87119,-15.5193
[inf] ,0.683176,-0.1,3.85259,-15.6299
[inf] ,0.684325,-0.1,3.83706,-15.5377
[inf] ,0.685223,-0.1,3.81693,-15.8453
[inf] ,0.68654,-0.1,3.79814,-15.9689
[inf] ,0.687676,-0.1,3.78222,-15.8804
[inf] ,0.688533,-0.1,3.7619,-16.1941
[inf] ,0.68984,-0.1,3.74138,-16.4244
[inf] ,0.691016,-0.1,3.72661,-16.2858
[inf] ,0.69178,-0.1,3.70552,-16.6037
[inf] ,0.693092,-0.1,3.68635,-16.6834
[inf] ,0.694255,-0.1,3.66602,-16.858
[inf] ,0.695361,-0.1,3.64857,-16.801
[inf] ,0.696264,-0.1,3.6271,-17.1122
[inf] ,0.697569,-0.1,3.60716,-17.2042
[inf] ,0.698742,-0.1,3.5899,-17.1272
[inf] ,0.699569,-0.1,3.56785,-17.4692
[inf] ,0.700853,-0.1,3.54714,-17.5989
[inf] ,0.70206,-0.1,3.52873,-17.5626
[inf] ,0.702934,-0.1,3.50745,-17.7838
[inf] ,0.704207,-0.1,3.48616,-17.9702
[inf] ,0.705343,-0.1,3.46507,-18.0965
[inf] ,0.706471,-0.1,3.44685,-18.0126
[inf] ,0.707341,-0.1,3.42385,-18.3576
[inf] ,0.70864,-0.1,3.40199,-18.5029
[inf] ,0.70978,-0.1,3.38396,-18.383
[inf] ,0.710635,-0.1,3.36038,-18.7482
[inf] ,0.711933,-0.1,3.33852,-18.8631
[inf] ,0.713075,-0.1,3.32011,-18.7473
[inf] ,0.713911,-0.1,3.29576,-19.1621
[inf] ,0.715266,-0.1,3.27313,-19.2842
[inf] ,0.716405,-0.1,3.25415,-19.1565
[inf] ,0.717261,-0.1,3.2298,-19.5076
[inf] ,0.718564,-0.1,3.20698,-19.6349
[inf] ,0.719678,-0.1,3.18761,-19.5158
[inf] ,0.720556,-0.1,3.16249,-19.9102
[inf] ,0.721865,-0.1,3.13737,-20.1676
[inf] ,0.7231,-0.1,3.11935,-19.9033
[inf] ,0.723862,-0.1,3.09346,-20.3124
[inf] ,0.725159,-0.1,3.07026,-20.3742
[inf] ,0.726328,-0.1,3.04553,-20.5642
[inf] ,0.727486,-0.1,3.02559,-20.3999
[inf] ,0.728326,-0.1,2.99912,-20.8121
[inf] ,0.729676,-0.1,2.97477,-20.9076
[inf] ,0.730801,-0.1,2.95445,-20.7489
[inf] ,0.731659,-0.1,2.92799,-21.1263
[inf] ,0.732971,-0.1,2.90306,-21.2717
[inf] ,0.734116,-0.1,2.88177,-21.1541
[inf] ,0.734971,-0.1,2.85512,-21.5149
[inf] ,0.736263,-0.1,2.83039,-21.6197
[inf] ,0.737383,-0.1,2.80527,-21.7428
[inf] ,0.738514,-0.1,2.7836,-21.6263
[inf] ,0.739388,-0.1,2.75963,-21.7443
[inf] ,0.740445,-0.1,2.73049,-22.3143
[inf] ,0.741801,-0.1,2.7046,-22.3754
[inf] ,0.743018,-0.1,2.68293,-22.1847
[inf] ,0.743777,-0.1,2.65455,-22.592
[inf] ,0.745078,-0.1,2.62848,-22.6685
[inf] ,0.746221,-0.1,2.60125,-22.8472
[inf] ,0.747388,-0.1,2.57939,-22.6381
[inf] ,0.748224,-0.1,2.55063,-23.0298
[inf] ,0.749532,-0.1,2.52397,-23.1425
[inf] ,0.75066,-0.1,2.50096,-23.0095
[inf] ,0.751528,-0.1,2.47201,-23.396
[inf] ,0.752809,-0.1,2.44497,-23.5151
[inf] ,0.753948,-0.1,2.41506,-23.8628
[inf] ,0.755181,-0.1,2.39454,-23.5012
[inf] ,0.755922,-0.1,2.36501,-23.8967
[inf] ,0.757225,-0.1,2.33683,-24.0438
[inf] ,0.75837,-0.1,2.31305,-23.888
[inf] ,0.759242,-0.1,2.28276,-24.3008
[inf] ,0.760553,-0.1,2.25418,-24.4496
[inf] ,0.761698,-0.1,2.23022,-24.2691
[inf] ,0.76256,-0.1,2.19934,-24.6873
[inf] ,0.763865,-0.1,2.17538,-24.5046
[inf] ,0.764714,-0.1,2.14374,-24.9882
[inf] ,0.766059,-0.1,2.11459,-25.0978
[inf] ,0.76722,-0.1,2.08545,-25.2024
[inf] ,0.768322,-0.1,2.06071,-25.0179
[inf] ,0.769182,-0.1,2.02888,-25.4517
[inf] ,0.770518,-0.1,2.00338,-25.302
[inf] ,0.77139,-0.1,1.97117,-25.7393
[inf] ,0.77272,-0.1,1.94087,-25.8647
[inf] ,0.773863,-0.1,1.90904,-26.101
[inf] ,0.775079,-0.1,1.88584,-25.7278
[inf] ,0.775846,-0.1,1.85324,-26.1591
[inf] ,0.777157,-0.1,1.82237,-26.3169
[inf] ,0.778307,-0.1,1.79111,-26.4813
[inf] ,0.779448,-0.1,1.76561,-26.2428
[inf] ,0.780278,-0.1,1.73244,-26.6744
[inf] ,0.7816,-0.1,1.70138,-26.8057
[inf] ,0.782746,-0.1,1.67549,-26.5839
[inf] ,0.783592,-0.1,1.64213,-27.025
[inf] ,0.78487,-0.1,1.61126,-27.1326
[inf] ,0.78603,-0.1,1.57732,-27.4717
[inf] ,0.787221,-0.1,1.55028,-27.2151
[inf] ,0.788101,-0.1,1.51576,-27.6367
[inf] ,0.789409,-0.1,1.48393,-27.7006
[inf] ,0.790537,-0.1,1.45671,-27.493
[inf] ,0.791403,-0.1,1.422,-27.9401
[inf] ,0.792702,-0.1,1.3894,-28.0773
[inf] ,0.793865,-0.1,1.35451,-28.3689
[inf] ,0.795077,-0.1,1.32939,-27.9595
[inf] ,0.795841,-0.1,1.2941,-28.4192
[inf] ,0.797143,-0.1,1.26074,-28.572
[inf] ,0.798306,-0.1,1.23255,-28.3607
[inf] ,0.799156,-0.1,1.19727,-28.7829
[inf] ,0.800455,-0.1,1.16372,-28.9296
[inf] ,0.801608,-0.1,1.13572,-28.7075
[inf] ,0.802465,-0.1,1.10485,-28.7906
[inf] ,0.803465,-0.1,1.06803,-29.3607
[inf] ,0.804809,-0.1,1.03371,-29.5138
[inf] ,0.805948,-0.1,0.997855,-29.7596
[inf] ,0.807136,-0.1,0.971585,-29.3462
[inf] ,0.807923,-0.1,0.933044,-29.9686
[inf] ,0.809259,-0.1,0.897954,-30.0718
[inf] ,0.810434,-0.1,0.863056,-30.1349
[inf] ,0.811565,-0.1,0.834102,-29.8458
[inf] ,0.812388,-0.1,0.79652,-30.3091
[inf] ,0.813717,-0.1,0.761046,-30.4591
[inf] ,0.814934,-0.1,0.731901,-30.1816
[inf] ,0.815698,-0.1,0.694318,-30.6509
[inf] ,0.816988,-0.1,0.65942,-30.75
[inf] ,0.818157,-0.1,0.628549,-30.5978
[inf] ,0.819036,-0.1,0.590199,-31.0922
[inf] ,0.820346,-0.1,0.553959,-31.2409
[inf] ,0.821491,-0.1,0.517335,-31.3898
[inf] ,0.822639,-0.1,0.486464,-31.1408
[inf] ,0.823465,-0.1,0.446964,-31.6545
[inf] ,0.824781,-0.1,0.410148,-31.7632
[inf] ,0.825924,-0.1,0.37084,-32.0559
[inf] ,0.827489,-0.1,0.342078,-31.5842
[inf] ,0.827931,-0.1,0.302386,-32.0587
[inf] ,0.829246,-0.1,0.264995,-32.2
[inf] ,0.830425,-0.1,0.227221,-32.3489
[inf] ,0.831565,-0.1,0.193857,-32.1805
[inf] ,0.832448,-0.1,0.153782,-32.5889
[inf] ,0.833738,-0.1,0.116774,-32.6517
[inf] ,0.835011,-0.1,0.0855194,-32.3714
[inf] ,0.835735,-0.1,0.0444854,-32.9387
[inf] ,0.837009,-0.1,0.00728641,-33.0102
[inf] ,0.838148,-0.1,-0.0258859,-32.8304
[inf] ,0.839054,-0.1,-0.0667282,-33.3229
[inf] ,0.840338,-0.1,-0.105461,-33.4817
[inf] ,0.84145,-0.1,-0.137675,-33.1958
[inf] ,0.842348,-0.1,-0.180243,-33.8118
[inf] ,0.843678,-0.1,-0.218592,-33.8622
[inf] ,0.844774,-0.1,-0.257901,-33.9974
[inf] ,0.845903,-0.1,-0.291456,-33.7339
[inf] ,0.846804,-0.1,-0.333066,-34.1859
[inf] ,0.848093,-0.1,-0.37199,-34.2828
[inf] ,0.849197,-0.1,-0.405546,-34.0527
[inf] ,0.85005,-0.1,-0.450223,-34.781
[inf] ,0.85145,-0.1,-0.489723,-34.785
[inf] ,0.852567,-0.1,-0.52999,-34.8903
[inf] ,0.853653,-0.1,-0.563738,-34.5711
[inf] ,0.854563,-0.1,-0.607648,-35.1509
[inf] ,0.855886,-0.1,-0.641396,-34.8199
[inf] ,0.856719,-0.1,-0.684922,-35.3498
[inf] ,0.858077,-0.1,-0.727107,-35.5826
[inf] ,0.859234,-0.1,-0.760854,-35.2118
[inf] ,0.860053,-0.1,-0.804956,-35.7417
[inf] ,0.861365,-0.1,-0.845607,-35.8186
[inf] ,0.86248,-0.1,-0.886833,-35.9424
[inf] ,0.863614,-0.1,-0.920964,-35.6112
[inf] ,0.864431,-0.1,-0.965257,-36.1648
[inf] ,0.86572,-0.1,-1.0061,-36.2616
[inf] ,0.866935,-0.1,-1.04157,-36.0167
[inf] ,0.867723,-0.1,-1.08721,-36.6591
[inf] ,0.869033,-0.1,-1.12978,-36.8044
[inf] ,0.870177,-0.1,-1.17254,-36.9396
[inf] ,0.871322,-0.1,-1.20782,-36.5727
[inf] ,0.872184,-0.1,-1.25345,-37.116
[inf] ,0.87347,-0.1,-1.29641,-37.2525
[inf] ,0.874619,-0.1,-1.33265,-36.94
[inf] ,0.875471,-0.1,-1.37828,-37.458
[inf] ,0.876762,-0.1,-1.41452,-37.1536
[inf] ,0.877636,-0.1,-1.46092,-37.7375
[inf] ,0.878998,-0.1,-1.49697,-37.4098
[inf] ,0.879754,-0.1,-1.54338,-37.9757
[inf] ,0.881056,-0.1,-1.58709,-38.1282
[inf] ,0.8822,-0.1,-1.62679,-37.9706
[inf] ,0.883118,-0.1,-1.67338,-38.4197
[inf] ,0.884427,-0.1,-1.7171,-38.482
[inf] ,0.885551,-0.1,-1.76178,-38.6358
[inf] ,0.886705,-0.1,-1.79993,-38.3382
[inf] ,0.887555,-0.1,-1.84749,-38.8597
[inf] ,0.888866,-0.091259,-1.89159,-38.9334
[inf] ,0.88999,-0.0804414,-1.93914,-39.276
[inf] ,0.891179,-0.072212,-1.97653,-38.8299
[inf] ,0.89205,-0.0609416,-2.02485,-39.3436
[inf] ,0.893328,-0.0507542,-2.0703,-39.4536
[inf] ,0.894496,-0.0418888,-2.10999,-39.1709
[inf] ,0.895361,-0.0306307,-2.15812,-39.6307
[inf] ,0.896659,-0.0203683,-2.20376,-39.7516
[inf] ,0.897801,-0.0119669,-2.24134,-39.3561
[inf] ,0.898636,-0.00204314,-2.28391,-39.443
[inf] ,0.899722,0.00916169,-2.33242,-39.9817
[inf] ,0.901014,0.0192967,-2.37729,-40.0453
[dbg] an error occurred
[dbg] devices: begin to remove devices
[dbg] Connection closed
[dbg] devices: device list cleared
